#
# gridID 1
#
gridtype  = lonlat
gridsize  = 51840
xsize     = 288
ysize     = 180
xname     = lon
xlongname = "longitude"
xunits    = "degrees_east"
yname     = lat
ylongname = "latitude"
yunits    = "degrees_north"
xfirst    = 0.625
xinc      = 1.25
xbounds   = 0 1.25 
            1.25 2.5 
            2.5 3.75 
            3.75 5 
            5 6.25 
            6.25 7.5 
            7.5 8.75 
            8.75 10 
            10 11.25 
            11.25 12.5 
            12.5 13.75 
            13.75 15 
            15 16.25 
            16.25 17.5 
            17.5 18.75 
            18.75 20 
            20 21.25 
            21.25 22.5 
            22.5 23.75 
            23.75 25 
            25 26.25 
            26.25 27.5 
            27.5 28.75 
            28.75 30 
            30 31.25 
            31.25 32.5 
            32.5 33.75 
            33.75 35 
            35 36.25 
            36.25 37.5 
            37.5 38.75 
            38.75 40 
            40 41.25 
            41.25 42.5 
            42.5 43.75 
            43.75 45 
            45 46.25 
            46.25 47.5 
            47.5 48.75 
            48.75 50 
            50 51.25 
            51.25 52.5 
            52.5 53.75 
            53.75 55 
            55 56.25 
            56.25 57.5 
            57.5 58.75 
            58.75 60 
            60 61.25 
            61.25 62.5 
            62.5 63.75 
            63.75 65 
            65 66.25 
            66.25 67.5 
            67.5 68.75 
            68.75 70 
            70 71.25 
            71.25 72.5 
            72.5 73.75 
            73.75 75 
            75 76.25 
            76.25 77.5 
            77.5 78.75 
            78.75 80 
            80 81.25 
            81.25 82.5 
            82.5 83.75 
            83.75 85 
            85 86.25 
            86.25 87.5 
            87.5 88.75 
            88.75 90 
            90 91.25 
            91.25 92.5 
            92.5 93.75 
            93.75 95 
            95 96.25 
            96.25 97.5 
            97.5 98.75 
            98.75 100 
            100 101.25 
            101.25 102.5 
            102.5 103.75 
            103.75 105 
            105 106.25 
            106.25 107.5 
            107.5 108.75 
            108.75 110 
            110 111.25 
            111.25 112.5 
            112.5 113.75 
            113.75 115 
            115 116.25 
            116.25 117.5 
            117.5 118.75 
            118.75 120 
            120 121.25 
            121.25 122.5 
            122.5 123.75 
            123.75 125 
            125 126.25 
            126.25 127.5 
            127.5 128.75 
            128.75 130 
            130 131.25 
            131.25 132.5 
            132.5 133.75 
            133.75 135 
            135 136.25 
            136.25 137.5 
            137.5 138.75 
            138.75 140 
            140 141.25 
            141.25 142.5 
            142.5 143.75 
            143.75 145 
            145 146.25 
            146.25 147.5 
            147.5 148.75 
            148.75 150 
            150 151.25 
            151.25 152.5 
            152.5 153.75 
            153.75 155 
            155 156.25 
            156.25 157.5 
            157.5 158.75 
            158.75 160 
            160 161.25 
            161.25 162.5 
            162.5 163.75 
            163.75 165 
            165 166.25 
            166.25 167.5 
            167.5 168.75 
            168.75 170 
            170 171.25 
            171.25 172.5 
            172.5 173.75 
            173.75 175 
            175 176.25 
            176.25 177.5 
            177.5 178.75 
            178.75 180 
            180 181.25 
            181.25 182.5 
            182.5 183.75 
            183.75 185 
            185 186.25 
            186.25 187.5 
            187.5 188.75 
            188.75 190 
            190 191.25 
            191.25 192.5 
            192.5 193.75 
            193.75 195 
            195 196.25 
            196.25 197.5 
            197.5 198.75 
            198.75 200 
            200 201.25 
            201.25 202.5 
            202.5 203.75 
            203.75 205 
            205 206.25 
            206.25 207.5 
            207.5 208.75 
            208.75 210 
            210 211.25 
            211.25 212.5 
            212.5 213.75 
            213.75 215 
            215 216.25 
            216.25 217.5 
            217.5 218.75 
            218.75 220 
            220 221.25 
            221.25 222.5 
            222.5 223.75 
            223.75 225 
            225 226.25 
            226.25 227.5 
            227.5 228.75 
            228.75 230 
            230 231.25 
            231.25 232.5 
            232.5 233.75 
            233.75 235 
            235 236.25 
            236.25 237.5 
            237.5 238.75 
            238.75 240 
            240 241.25 
            241.25 242.5 
            242.5 243.75 
            243.75 245 
            245 246.25 
            246.25 247.5 
            247.5 248.75 
            248.75 250 
            250 251.25 
            251.25 252.5 
            252.5 253.75 
            253.75 255 
            255 256.25 
            256.25 257.5 
            257.5 258.75 
            258.75 260 
            260 261.25 
            261.25 262.5 
            262.5 263.75 
            263.75 265 
            265 266.25 
            266.25 267.5 
            267.5 268.75 
            268.75 270 
            270 271.25 
            271.25 272.5 
            272.5 273.75 
            273.75 275 
            275 276.25 
            276.25 277.5 
            277.5 278.75 
            278.75 280 
            280 281.25 
            281.25 282.5 
            282.5 283.75 
            283.75 285 
            285 286.25 
            286.25 287.5 
            287.5 288.75 
            288.75 290 
            290 291.25 
            291.25 292.5 
            292.5 293.75 
            293.75 295 
            295 296.25 
            296.25 297.5 
            297.5 298.75 
            298.75 300 
            300 301.25 
            301.25 302.5 
            302.5 303.75 
            303.75 305 
            305 306.25 
            306.25 307.5 
            307.5 308.75 
            308.75 310 
            310 311.25 
            311.25 312.5 
            312.5 313.75 
            313.75 315 
            315 316.25 
            316.25 317.5 
            317.5 318.75 
            318.75 320 
            320 321.25 
            321.25 322.5 
            322.5 323.75 
            323.75 325 
            325 326.25 
            326.25 327.5 
            327.5 328.75 
            328.75 330 
            330 331.25 
            331.25 332.5 
            332.5 333.75 
            333.75 335 
            335 336.25 
            336.25 337.5 
            337.5 338.75 
            338.75 340 
            340 341.25 
            341.25 342.5 
            342.5 343.75 
            343.75 345 
            345 346.25 
            346.25 347.5 
            347.5 348.75 
            348.75 350 
            350 351.25 
            351.25 352.5 
            352.5 353.75 
            353.75 355 
            355 356.25 
            356.25 357.5 
            357.5 358.75 
            358.75 360 
yfirst    = -89.5
yinc      = 1
ybounds   = -90 -89 
            -89 -88 
            -88 -87 
            -87 -86 
            -86 -85 
            -85 -84 
            -84 -83 
            -83 -82 
            -82 -81 
            -81 -80 
            -80 -79 
            -79 -78 
            -78 -77 
            -77 -76 
            -76 -75 
            -75 -74 
            -74 -73 
            -73 -72 
            -72 -71 
            -71 -70 
            -70 -69 
            -69 -68 
            -68 -67 
            -67 -66 
            -66 -65 
            -65 -64 
            -64 -63 
            -63 -62 
            -62 -61 
            -61 -60 
            -60 -59 
            -59 -58 
            -58 -57 
            -57 -56 
            -56 -55 
            -55 -54 
            -54 -53 
            -53 -52 
            -52 -51 
            -51 -50 
            -50 -49 
            -49 -48 
            -48 -47 
            -47 -46 
            -46 -45 
            -45 -44 
            -44 -43 
            -43 -42 
            -42 -41 
            -41 -40 
            -40 -39 
            -39 -38 
            -38 -37 
            -37 -36 
            -36 -35 
            -35 -34 
            -34 -33 
            -33 -32 
            -32 -31 
            -31 -30 
            -30 -29 
            -29 -28 
            -28 -27 
            -27 -26 
            -26 -25 
            -25 -24 
            -24 -23 
            -23 -22 
            -22 -21 
            -21 -20 
            -20 -19 
            -19 -18 
            -18 -17 
            -17 -16 
            -16 -15 
            -15 -14 
            -14 -13 
            -13 -12 
            -12 -11 
            -11 -10 
            -10 -9 
            -9 -8 
            -8 -7 
            -7 -6 
            -6 -5 
            -5 -4 
            -4 -3 
            -3 -2 
            -2 -1 
            -1 0 
            0 1 
            1 2 
            2 3 
            3 4 
            4 5 
            5 6 
            6 7 
            7 8 
            8 9 
            9 10 
            10 11 
            11 12 
            12 13 
            13 14 
            14 15 
            15 16 
            16 17 
            17 18 
            18 19 
            19 20 
            20 21 
            21 22 
            22 23 
            23 24 
            24 25 
            25 26 
            26 27 
            27 28 
            28 29 
            29 30 
            30 31 
            31 32 
            32 33 
            33 34 
            34 35 
            35 36 
            36 37 
            37 38 
            38 39 
            39 40 
            40 41 
            41 42 
            42 43 
            43 44 
            44 45 
            45 46 
            46 47 
            47 48 
            48 49 
            49 50 
            50 51 
            51 52 
            52 53 
            53 54 
            54 55 
            55 56 
            56 57 
            57 58 
            58 59 
            59 60 
            60 61 
            61 62 
            62 63 
            63 64 
            64 65 
            65 66 
            66 67 
            67 68 
            68 69 
            69 70 
            70 71 
            71 72 
            72 73 
            73 74 
            74 75 
            75 76 
            76 77 
            77 78 
            78 79 
            79 80 
            80 81 
            81 82 
            82 83 
            83 84 
            84 85 
            85 86 
            86 87 
            87 88 
            88 89 
            89 90 
